0.9976031617667169,1.6883638120033917,1.7902157684771334,2.2666591368121725,3.169087686563504,5.136405583412936,5.215889033471196,5.568735007063754,6.058755492565168,8.217794349178781,8.28577792880056,8.550202938122878
0.1456315096355104,0.7910034859803474,1.0567707016693446,2.600685140754384,2.8865652548209524,2.917598399517222,3.334739247116382,3.4115187599147903,3.593852875475241,3.7027756588774166,4.655962066415753,4.883358297659318,4.943828321203465,4.991919954987915,5.45953093295454,5.530428752753824,5.6853826170837145
1.0097954864440242,1.3913007661943533,2.4680061626171588,3.417053092035135,3.8733629655688215,3.904264742384062,4.151614586126501,4.490361506771799,4.802695150674258,7.217854835620299,7.885778644106034,8.11386044923741,8.436174106598923,9.102792649530699,9.443126899305307
1.1832967552544267,4.559482171345038,4.701267112120972,5.34971274928689,5.675129676349336,5.781896830149007,5.935109813191318,6.434762632511638,6.8233613644914515,7.702896799252437,7.806909931601923,8.314569077998062,8.328432566307754,8.49148076737065,8.660496089641407,9.116206345695048,9.332954202974456,9.503290689468853,9.639432068258593,9.809466622801196
1.4753614752528375,3.0557090318654314,3.2089661332227295,3.4319691155844794,4.079792163204536,4.5828070254109115,8.67048912127673,8.718247535905322,8.812297384541573,9.311348464508713,9.430238436803933,9.544952145297938,9.800433625732666,9.906009243441332
1.3909161858953005,1.6152630951252085,1.9172723202368294,2.0383014540760542,2.849296535650744,2.861254619226026,3.1571116326486934,3.737335799085134,3.8510926499068856,3.979916911477179,4.486286368349673,4.494644941304483,4.653267382021674,4.739783948889814,4.8600138354865425,4.98803153744073,5.204973899448584,5.2073933763626705,5.554731074691229,5.647843891594545,5.898093171444669,5.928252191615854,6.10363173337995,6.325847137424895,6.399788072027463,7.080623635720985,7.183425997230773,7.336776492497314,7.7965232965679165,7.951804131196013,8.253891935017224,8.278571128448077,9.135273646511648
0.6621805997248462,0.6855178254789226,0.7864854679195771,0.8460872864296979,1.7272633158384234,1.970145310799527,2.101719344876736,2.7289037244695113,3.1635628393067172,3.3432252108549045,3.7982160057948606,4.041807242710032,4.156842702689817,4.189873473670711,4.255682081645823,5.057683998636207,5.577491621218179,5.666425089473598,6.523255865705619,7.668074260813623,7.695383526141737,8.18565325251699,8.427256422890308,9.36984364159727
0.7369027972771665,0.77206057637681,1.1992940291619274,1.4849892594026872,2.228627927280585,2.8035060467133537,2.9867095524884917,3.328680028498839,3.4018773571833805,5.086789920087118,5.726702107180847,6.291314012118915,7.03399728825397
2.228362062308376,4.4354489230960805,5.2070897572236,5.984164404450202,6.894825230582835,7.915652836400696,8.281829699039601,8.351439570681505,9.050270393516435,9.262047991838557,9.351462481374497,9.35381035253042
1.0233072894956006,1.0976336843371148,1.1322926172812533,2.0165034263582475,2.2440316453153764,2.3106997519092967,2.4645810734093647,2.6167318819628145,2.8286958724936713,3.643413397008553,3.856785574035191,4.033317737246525,4.494914287958287,4.504867296747202,5.788803835444715,7.224692161946297,7.737651999448256,8.266058812277596
3.2393106012028303,3.827744967890855,4.206287967822893,5.27450769983317,5.672059221429064,7.604803374158118,7.76602980595549,7.9089616104212155,8.124781016194985,8.208492302102494
0.26079270526610826,0.27171935697119426,0.29256238906899285,0.6560214471917247,0.9063323020423273,1.4114453064768164,1.4550378735491205,2.9050777220688744,5.811436867263162,5.8969349993515925,6.762386179267727,8.186887453929113,8.363353867502992,8.48259112262375,9.001943081620205,9.973405977975345
0.5939600387827215,1.5741035347925125,1.7396217955283901,2.1311377392831723,2.608581250499812,3.1562325265424342,5.984573254956363,6.498980001534804,6.73323586319407,6.840013962003051,7.35415215983307,7.446944468439924,8.21392129028321
2.6646338365694966,3.2441687471390828,3.443492108276823,3.620461925561915,5.453405135840425,5.784298711388575,5.818320585232899,6.268398284783506,6.43336042587136,6.550868037027681,7.027069685575813,7.935874684608558,8.228424059700885,8.799512236329516,9.007566931587913,9.11591214399775,9.421018288968062,9.671039689184695,9.759513861842475,9.936798235656553,9.967281760583841
3.1134691814186164,3.9768526945813676,4.170643040550385,9.655203399062861
1.9427418377753294,2.045584771494835,2.095526962311113,2.287380830241853,2.418069903179883,2.4480589490583426,2.6437367055632937,2.790830260068573,3.0092418848755784,3.310937726460098,3.422739067525805,4.397994694317752,4.644271524757404,5.489718137245995,6.036027624891269,6.15007555283718,6.303182126779745,7.077176174567239,7.258344185322169,7.772556779018238,7.866590215815893,8.014825130684843,8.081755060005998,8.20202741680722,8.36991364629473,8.568013163922346,8.617894051987964,9.139921449775539,9.228742245544149
0.7338517034909935,1.6164026891131544,1.9773681616517795,2.2353616374985084,2.6442302564944646,6.249586826138757,7.251801360483051,7.273722987577588,7.812024477422971,7.931613821207677,8.045574065197941,8.07720630366507,8.31039995618318,9.74346109560879
1.4931950553169433,2.505683854418316,6.186495503140466,6.317789676969508,6.768785961973263,6.815351097790916,6.935776627070513,7.1772865811411455,7.343393402015105,7.463504551385542,8.307613229074168
1.4196593166843197,1.6730697838924184,1.9592211587574742,3.9823597799275205,4.991908014923041,5.635466129116598,5.675877264801269,5.818820790487467,7.7343135944186425,8.136558833331838,8.300740480737005,9.327012760815677
1.5524522429892553,2.272800493587795,3.8697712015142582,4.294460787312096,4.529509813638064,5.231951592841761,7.006609811735547,7.426797954302845
1.0083143948196942,1.4444766539366445,1.6532920228427535,1.915145819689327,2.3580258016642337,3.645228061568943,4.1879696050029755,5.082219714831202,5.299885761850314,5.7784380097523975,6.263195210225967,6.981862877308579,7.130845441411275,9.003149145356664,9.325055920249547,9.409335478518942,9.533126574172433,9.828097426565972,9.84183789571977,9.885151124826894
5.228270559677659,5.33744669827756,5.651143727057202,5.811778186825515,5.971967365293521,6.025973971341359,6.040333235230535,6.6155000635289625,6.6721466454164196,7.015919507532042,7.580223134069316,7.84971697393071,7.894812463876539,7.905775442049762,8.591010453757859,8.600472849172139,8.672339864772875,8.708260088699797,8.840567610999404,9.419919530787732,9.61439807287875,9.740672597595921
1.6163723500212368,4.021234988540125,5.439475879473111,9.407932531252829,9.760991476567828
0.5889932392888103,0.8420563992001252,2.5338743862667696,2.678191230268175,4.336568547034727,5.290476238247126,6.378116212257409
1.0359395615755072,1.5369900947110242,2.637531052752192,2.7347996631343685,2.887897864253083,3.8219604062469377,4.224360007721696,4.578236448173573,6.356796586434968,6.389611886197284,6.691326335140766,6.926374490047466,7.410599684303324
0.6541768843822479,0.8166436032885036,0.8638628178365162,0.9718803912936772,1.3786437616481635,2.507558948656548,3.5601540321941854,3.7196898229794795,4.8948744678357015,5.026492842543051,6.159269322864319,6.886438041512076,7.283714924312135,8.164311858904075
1.5857825507620018,1.8114438339555714,1.931427343863964,2.7247041625889086,2.787392987142163,2.7879851817386125,2.8925525062249466,2.9490460948476547,3.101281829664388,3.167286481347695,3.204649430978385,3.2079266269423443,3.3089977985358976,3.402007628430078,3.4823590753342497,3.5005125799856813,3.6037024494497247,3.647052595869622,3.8012940457747706,3.9771922827742987,3.98472807634751,4.245802854764951,4.252239281506442,4.269524963655095,4.4873040127981705,4.742205468436843,4.9996394643038675,5.201956722971318,5.245998683892483,5.670661304666878,5.809193676120541,8.617307484969142,8.650998276939573,9.008376094616402,9.027917766245316,9.099007902820723
2.343410230685189,2.779421424364263,3.240510317491348,3.6966300597041704,4.378726865109351,6.136046402246286,6.168226055982252,7.092080215509917,7.720313646890504
2.4421507457564724,2.90780379848292,3.103813123590508,3.1296588139047734,3.2945234534947194,3.801690573088022,3.9852766475489045,4.955876245035767,5.993944341017495,6.415523029733099,6.659051358065797,6.818477024586266,7.04120894912617,7.053056310597587,8.93044691361136
1.6805145264998582,2.0532767242880556,2.3083206520419415,6.044537378773358,7.563020667596358,8.9284414026219,9.898592547664917
0.3871185903800835,0.5564695800581019,0.7013814314625799,2.1308298914151864,2.901905435811226,4.939575706949576,5.113098619446824,5.2408478105524825,5.661011840380761,6.626460002453139,6.7427804062602,6.931895832263986,7.743032487397608,8.024924352173374,8.186031276969477,8.81522374663988,9.089980629891846
0.22407092215370894,0.2462922164108326,0.6166929987753884,1.1656266550900591,1.2606913266505075,1.356046870530251,1.858581178325595,1.9587259465445426,2.0646887518552477,2.2107093263513957,2.4187534447409655,2.4380293255695684,2.9268502078916208,3.0866426483404488,3.1592843158509134,3.4266885202223256,3.8284567265323184,3.8608232335685564,4.4730983830554685,4.965067973565302,5.151377616102728,5.634592768703741,5.733189196414128,6.068699736476424,6.352524535741993,6.431849376497572,6.495150360382991,6.549907645565842,6.608444175680058,6.989952449085258,7.061814677098897,7.3321672373937945,7.591241949109787,7.871285187184696,8.104017824657753,8.868958723137986,8.942233009295991,9.508228593495943,9.65588951056477
2.9282213831135553,3.0130195290708577,4.310011899544669,5.557426933013756,5.615315910965829,5.801297868681043,5.91117731785466,6.00243276149883,6.282057490777178,6.441483200238337,7.15317848736446,7.25073108130559,7.341870711723477,7.641923572647604,7.769718372478779,8.573310844629766,8.596272391433057,8.711404344387237,8.785919304692737,8.933235995217712,9.329382584791036
0.7076314689844027,0.8452379502576112,1.9408497552566504,2.3819541429338775,2.8447330713566465,2.9218201816391742,3.0062509395962627,4.927686806728896,5.396451973039152,6.218671838351113,8.063728345648224,9.080026124839723,9.192439052937795,9.747710944533969,9.962340273919189
1.2743715719710205,1.4979065547891004,1.873769584397373,2.0491236272135613,2.57721883774599,2.6073271397517357,4.330431861298232,4.615970509857047,4.6359415084826345,6.616093999701014,6.718121646332277,6.970915796955357,7.184165947176627,7.629862649856983,8.30502197922966,8.327466239917937,8.529503043882938,9.091480494559487,9.306366465448738,9.363081785173488,9.498342278233677
3.5389358156481254,3.5791557238630687,3.8352318890817623,3.8946715277182324,5.072700400803087,5.188038585194469,5.332737764337177,5.845834495541783,6.043806767120798,6.440720619538898,6.638651976410295,6.884864407924304,7.108876603747976,7.152817530772346,8.001169048701067,8.020536677935203,9.63703425378382,9.783691451902742,9.791091312235173,9.83357209572018,9.845570497371181,9.889147431014994
1.6927356319804039,2.402301178111557,3.509659276901548,3.9057742596108094,3.931125866157453,4.371219687816636,4.731227263018912,4.928874903064596,4.993700959387598,5.071292839415632,5.844635855018611,5.941959864648971,5.987568920691281,6.6492289991875095,7.122661762870251,7.387426335517986,7.535764948350589,7.565300549049667,7.585973991589683,7.652848130716029,7.788807549772501,7.81933827891003,7.915215675846497,8.115162746925636,8.37727511414463,8.725716857753648,8.74282994885469,8.896629670379365,8.979091292006235,9.057971755076865,9.184786034710351,9.198425222434295,9.38935422779685,9.436769077443598,9.43691511799037,9.563248233899612,9.679026065248038,9.695764131086896,9.779733993306456,9.786321462780696
3.886254491732391,4.2955963741375776,4.305318104530525,4.424417643687258,4.535536142588218,5.158348470200923,6.254190568378611,7.52654875537924,7.607893754694369,8.268058343709066,8.43517578211668,8.564975668187751
1.4928837603865779,2.1632822600044017,2.3400334914433443,2.3910439316211347,2.7672423643575286,2.9918209400739917,3.126469865631143,3.23160196033076,3.2384776743687107,3.278492042677058,3.573881379124242,3.6423041670752387,3.7939477145864946,3.9883070903333153,4.100184834133251,4.264392672093092,4.420000535472872,4.776147473095061,4.815402535580563,5.159050119145302,5.423260214406087,5.621208163254434,5.854771015044577,6.161076223716655,6.194261407989503,6.8601059390208246,7.106724460213419
0.4278839045083447,1.9572389645438415,3.2342586323980322,3.881804143027603,4.606445643680697,4.815536520170122,4.83311313228014,6.873686465380661,7.8709144847237775,8.21669155684995
0.6275244819652134,0.8798882011770275,3.150459825241149,3.766800509729431,3.890658141876029,4.995772861365717,5.971012035876592
0.7812838307406009,1.2977238120618586,2.490753948000468,2.8774241835891297,3.029878849244139,3.0421044098931977,3.1189035645219954,5.088547920627722,5.199766484279296,5.508218464646511,5.746679583387358,6.190156556676965,6.375158929725522,6.426108704892576,6.567159265959145,6.619731525478289,6.627848375764413,6.630749487754648,6.923255346426413,7.163488881184393,7.356412844330312,7.392636398455376,7.589781095778176,7.988570734173762,8.436402616664846,9.183609480418118
1.172462832194298,1.6541825264928738,2.0413543818073476,5.2791630326748376,5.7388811268735855,7.0150282887388835
1.7991642142640831,2.016231488066136,2.446068945143915,2.5885292957570005,2.6745505773592324,2.79989043017981,3.021383710662165,3.2326974419289822,3.384680529357847,3.54058430370211,3.572874891466792,3.9838266273082676,4.614118515365407,4.821975074027658,4.968046161139342,5.191948377537792,5.2182165181232385,5.3296185533779425,5.611250883796297,6.50361382643663,8.397125307005561,9.98831164222927
0.6642695708676667,1.0294685258648308,2.9965871563987876,3.169536416527716,4.33084201940477,5.899763607589185,6.283127517739349,7.282979947040373,7.625433417698034,7.722254173910735,7.820772978080731,7.845880906357091,8.592161815284326,8.99178163673661,9.013592664609625,9.17299859086537,9.767771323214397,9.853314077803578,9.866375745379884
2.4407128763508346,2.579593731861851,2.7308748676487107,3.216676184877227,3.6437746347786,4.628362529524567,5.306119763998583,6.5498637744992445,7.313277196676246,7.944047694661857,8.280617330939945,8.634425967452223,8.686576179413798,8.832273820489673,9.524594966729678
3.0352087984118032,3.1445296590579552,3.8159718784103873,4.186184089581681,4.5579834831753185,5.401655658459308,5.406084211512145,7.64375162283731,8.022078813296726,8.222114061177741,8.403420420140726,9.055882306910737
0.23559133211799366,0.42169066761157714,1.737901568951742,1.922182066552855,2.5758908548735775,2.79406088492747,2.925899979812238,3.015152662071005,3.0287067411663626,3.2416517588363676,3.2445481666396923,3.29165690687016,3.2943139183099253,3.632037913568295,4.11785256599407,4.487562916712737,4.600887217881505,4.646990963778876,4.994058954310642,5.0934076040869245,5.767924223207321,5.98951564571136,6.340763721373492,8.992951799468068
0.7028856991390128,0.7422028352037243,0.878992817978935,2.351456625727612,2.780354547436179,3.523140043236079,3.775171066420117,3.8374356691656195,3.974421877807993,4.528653081514996,5.973321596125437,6.0287104636126765,6.652555132097204,7.431972632356922,7.701822585286073,7.804402015111287,7.866992874945743,8.20270723337738,9.602926916942991,9.727969463504978
1.8328704428183258,1.876825573720994,2.009306303036763,2.28599567301715,2.5848211860449695,2.7171425986370163,2.850060758759651,2.878911451796017,2.9953725772825917,3.1143597129763476,3.340080913550789,4.399757190123529,5.810277838507783,5.979199974010447,6.659997015674181,6.8442992497381825,7.087172394823754
0.3765872415326086,0.9245196302332271,1.1276875427598372,1.131233515568091,1.1688612094221105,1.6876072034185308,2.7737028494668596,2.9124642637377747,3.489077762046228,4.9254250415099765,4.958608559345018,5.2206929898007965,5.659863430606546,6.301027759907143,7.364626645861382,8.191239001811146,8.5813174092383,8.782604791535295,8.799281724983116,8.856516412790764,9.100939152367662,9.263787368215807
1.2933604232769453,2.1376366778968174,2.3044039045656386,2.7279973372162947,3.363806495752268,3.6922502648099798,4.080640127524764,4.23088817167492,4.538413857516707,4.560966981513437,4.652343288748533,5.180288737231911,5.301336580724395,5.42989412460969,5.602034702912988,5.680699256355224,5.691578658114287,5.712333601877871,5.928352881242575,6.323329671293157,6.8908324187884515,7.540439855615969,8.411775478198486,9.49997425746045
0.47062243491094186,0.7356283552902716,0.8731562334427622,0.9594914683171805,2.3716751695045413,3.189892894096757,4.0141131975999,4.26079322965318,4.420319452400736,4.9483519680146255,5.076366319541518,6.430124898745924,8.485439141154158,9.146161935063212,9.401502839064594
0.8745971229956405,1.2475258211941203,1.5247928222960194,1.7858847407657066,1.8590020159460394,3.7725100250822425,4.133025114671823,5.6269531747876345,5.720335036023169,8.647660658868752,8.871822216837227,9.203735034862948,9.277956435799757
0.8758847709684896,1.1746750140298754,1.3240587336846938,1.4405114503312313,1.584668231489205,1.7832373947243432,1.8240159236624522,1.8708421419122987,2.0539269389534804,2.138595722439169,2.1388957837045712,2.206448786606881,2.3150190240290365,2.347187599908987,2.500947197911798,2.5029640573516345,2.5414183855664008,2.5915234392337445,2.700423965213166,3.144613823684691,3.482139503763583,3.8610835901739744,4.139103147276069,5.044518718317694,5.20156387579238,5.236845712591483,5.537306560119427,5.844476988872181,5.871047187713537,5.951206147610376,6.087643853213732,6.269227298542075,6.477422494529968,6.505988014335194,6.759069911692254,6.852334140583676,7.65949987108925,7.9215416946798785,7.929231360801991,8.909636795951867,9.386708415650801
0.18575473854823443,0.2805152372235571,0.3516639328008828,0.8437527571786656,0.920591259324691,1.0967520947358438,1.2799319639681672,1.543710303606925,2.02105164162817,2.0575913193914372,2.1659027640502315,2.912674835962235,2.970073319227041,3.394937065445606,3.5993979812934427,4.084633551758439,4.203169510639611,4.6330425756993545,4.692760321902625,4.728033584538165,4.888553119615417,4.977241056373116,5.171263632677074,5.414393792559288,5.98520113966332,6.06631301906946,6.489301881026121,6.555672020298835,6.572292115725746,6.58421405360933,6.704222986778898,6.7666311549878975,6.921384307532534,6.98411528702985,7.589874161685304,7.914038088040227,8.064639739066095,8.810872822596625,8.826805798035599,9.105421997534815,9.12345035804484,9.495753198420234
0.20739960468023888,0.7757262992944117,0.8914451875948769,1.1633061374159674,1.3435163264847994,1.785178831553252,2.70735869785831,2.7127594692827586,3.0972330160031665,3.1739972498945606,3.1895743807579744,3.202565734349613,3.39912838112733,3.507866607486131,3.511610083598809,3.534786154838426,3.609411404190626,3.658779390818315,4.017314179514724,4.403515928828635,4.481314299614649,4.957462392639733,5.185449288543758,5.254624791568208,5.594272338185278,5.678122718380332,6.472453284247031,6.985697254779918,7.232677891217276,7.581498517929288,7.707510750299933,7.7865081266879,9.338861638659072,9.76205248040773
1.8315398978786286,2.032968020714251,2.2282531668446155,3.4415615106754567,3.5496896260357382,3.657508426518996,3.659992057312346,3.766284290398987,4.330154875459698,4.455870878417407,5.473341713446628,5.777940311817455,5.826447470909006,6.288132997917805,8.259998532577338,8.62295262870711,8.64087341858368,9.080334004981776,9.696576173603903
0.22972354734129505,0.2894037813094282,0.43001504204843355,0.4632287263548128,3.0543995105506325,3.1050480591681713,3.4246607516497987,4.175628454036154,5.722003140312457,5.788794803109139,6.90500039500566,7.053083914332386,8.03345844264205,8.688259243278184,8.875689457348976,8.91252166991328,9.326776548879815,9.52811048529737
1.3381115696118353,2.1170308860675933,2.2340224183948174,2.25410215868302,3.039056298101973,3.23417881472574,3.2785734507402227,3.399932912391379,3.4629816074573387,3.6519281450023797,3.8259118198989217,3.8959800855518516,4.159056830877971,4.312601001382799,4.384232384288597,4.395165908882591,4.567674351868828,4.630228530712829,4.637744259008882,4.652781712858045,4.925734879100026,5.190479275149263,5.255282266170201,5.767642768848444,5.855416199894946,5.944872691542057,5.944942239949419,6.112352241242257,6.1848218332094715,6.55268736319684,6.7340118998428355,7.023953276420124,7.087977104918198,7.802488056010057,7.992577501314481,8.163840830264991,8.437130096269096,8.527891967327616,8.594887003189674,8.62121842924374,8.79589569539831,8.801010299667233,8.816392204582579,9.045555709822457
3.1219742124303584,4.299809860449335,4.591334369781924,4.792170758469877,4.879084260419196,4.971854158427113,5.245509208231267,5.314752754376357,6.503079963485974,7.413515312493769,7.418591852186151,7.622298207547533,7.8361943938823675,7.965946633883494,7.984091092197759
0.46267344315435655,4.2067911561426685,4.711228595116447,5.016734416021558,5.672492021881055,6.582419915827186,7.341494162698924,7.419830958012598,7.599188808097379,7.748041300038697,7.779497226836285,8.082648401412166,8.688751676800248,8.790440234801297,8.88139891643123,9.293959700416028
0.8439823404569595,1.074355308968538,1.5050418594351271,1.7365438089301968,2.5740773240209,2.645155823762434,3.4268899320733817,3.6411421798305077,3.650258288578405,4.237551248057062,4.265248257217099,4.50826654103727,4.7325438879359965,4.832232579027231,4.869439423775456,5.172944577452262,5.193049523895451,5.8566167408875005,6.127427601842717,6.140185965659939,6.212735282127086,6.964735518974897,7.728468183815544,8.452587168029138,8.63779034593741,9.29518826257286,9.56867802714508,9.577870781196122,9.913177299333036
1.2017910595224985,1.6729252166033195,1.769479793729322,2.176422171681835,2.435942937645813,3.0263140674088302,3.223723865579445,3.6728272631108316,3.811105250858782,3.8797269517437805,4.544089961908685,4.842909152003198,4.961145060088837,5.180544772222504,5.185606095362749,5.397292609771796,5.59621390335568,6.040075513197149,6.172825454717568,7.926512039725128,8.06693286640268,8.143646874745095,8.503895686916483,9.21126415252589,9.338723181136224,9.483138525998553,9.538293066719172
1.4380347100518374,3.194160046626747,3.2585894303500864,3.2832798061709356,3.7501764995468037,4.354354623286168,4.468225569348985,4.592966961187141,5.063951537884221,5.409616388693738,6.231751838903762,7.219693045559645,7.611036155430161,7.768836178274304,7.865157831635293,8.272437095154036,8.44459512428914,8.869308601404482,9.142003535250582
0.6064993595588749,2.326627484970148,2.7118373249325565,4.3566778074843855,4.4411039853378,4.462139855593656,4.783321180880699,5.8896676870235725,6.27368787549183,6.329644962194111,6.850426202841858,7.255724321428073,8.748003305163152,8.800038620712305
1.387636439928304,1.4952945217977918,3.571971836198726,5.099421032485442,8.272597190342026
2.3616146087134657,2.436627705387175,3.0570991902177935,3.3167168032331134,3.5419704601047433,4.077930472094247,4.273293217716847,4.548187963262519,4.583335492400255,4.640999291250917,4.8549886816933,4.935770462236125,5.0358447746201,5.252220060748014,5.28738270670881,5.34152468734919,5.939206897662902,5.976238393281199,6.342067704947648,6.442258956570568,7.429786630208131,7.478133493548198,7.749866404212404,8.432499206406483,8.565486652124942,8.8661046087481,9.093428329278478,9.324117682247838,9.444841696994134
0.7945525775091216,2.034612419765523,3.867214388501688,4.829884701766302,5.650565377333283,5.755130323482754,6.444124874958435,6.461907342948306,7.004778567250543,7.063372509253666,7.35118082088619,8.034357315926297,8.14230868175593,8.560178491113978,9.10348182813543,9.68248062292082,9.79090006405393
0.883815243332779,0.9645915095507215,1.1196596792384994,1.6822708941703273,2.6497895079935216,2.701880891181056,2.7706959525040187,2.875433406782611,4.243094128271228,4.699339588772662,5.184390205120954,5.423873171094947,5.5380171052696605,7.675799337432997,8.71598787195213
1.2933094797524298,2.4323078431754745,2.5849678680214,2.655724049907028,3.1733124552179013,3.3085090870841602,5.543575348876553,5.672777302786481,5.809816741275745,6.447243374772278,6.712177420669034,8.366529614900152
2.245730703631655,2.601507927840985,3.2166356471274837,3.6898289911161113,3.9148211370356587,4.06379413153337,4.562549301868951,5.011303339232237,6.506029498287479,6.540206737327833,6.673481291896245,6.730763622255898,6.8980994510985045,6.98925095028902,7.043727237973592,7.921163685421877,8.10780529037085,8.23952329370859,8.312265634864673,8.35225726635204,8.65792847979331,8.745037380451958,9.206347561059035,9.375178396132117,9.397706878830403,9.415769389434205,9.59125246367543,9.96752947899013
0.8942744621698834,1.646908706551962,3.640630806037275,5.483167334856191,6.176155725962786,6.421300060364258,6.51502428628532,6.517412135218071,6.53338131692675,6.8897457034546425,6.921859761158797,7.331342881695847,7.378637521138106,7.518667318521372,7.540093396705711,7.609441067484241,7.860745198783565,8.01657328684064,8.02873996070482,8.146886424070214,8.178713913827718,8.576062533727995,8.608981290470435,8.688093003378444,8.749485414411554,9.549513526114564,9.580383169386934,9.700988506434445,9.876710215364385
0.9656382827180994,1.9367823022761064,2.480891314310975,2.596974159130399,2.6107658656859987,3.0605784145935715,3.090894116928124,3.4347709767259875,3.8848326819656807,3.889452265628537,4.085159457607578,4.299513587783156,4.366611316406513,4.870753479508532,6.651493521095838,6.919108524807304,7.106125485455709,7.448866821941049
0.33970316070720047,0.9047485650112419,1.024280318497358,1.0710916169469669,1.3673076950386043,2.136093331095522,4.00954393785262,4.353348931116384,4.4787742758645015,4.514893788575398,4.7647388670051205,4.856932306676521,5.206579344301436,5.734456351252074,6.580091876610749,6.617074082305724,6.6783608112513,6.7492532217354615,7.301078752282499,9.292497048739516,9.305480347288666,9.386380549075625
1.1198558703275363,1.6502233288215975,1.9464245841137766,2.534591137943398,3.1492816037786038,3.2094135700230133,3.343534023758076,3.3458953618127643,3.7551835913452183,4.043637221502009,4.195057129614461,4.333687212042409,4.38263342247773,4.691143843383164,6.508079053112897,7.156589897110546,7.294052093378715,7.984952762642919,8.52426960778823,8.839378973386003
0.30563802405413837,1.0080562511778006,1.4444114869201732,1.8492677308822745,2.817007758073826,2.866166404595161,3.3553459804533365,3.820439298812574,4.073384990286729,4.258521492519009,5.086492504832994,5.614975433719067,6.266459748319151,6.709858455054412,6.858054640538896,6.9211853509390515,7.030152860447812,7.285217499515287,7.303836450348178,7.522397797661719,8.05698722711471,8.296932525593324,8.335504838511596,8.725544764056218,8.815703786764743,9.01153357017248
2.846493453457235,3.861407833010439,4.91584209678366,5.0658889837772305,5.475920451937878,5.5696732773889375,5.665830515626895,5.711924115621058,6.481518581758603,6.551117453388485,7.66075518716534,8.181108664706485,8.868342787554813,8.906782033438763,9.160894278065737,9.361260565479178,9.459032318234273
1.1669328442183913,3.0524308053432185,3.300546469416162,3.9333651347442418,4.5317180391183065,4.786639791207842,4.911673279049071,5.991249694140892,6.504722499636514,6.98744056775681,7.1996648456255565,7.425539442632052,7.464860258358969,7.4789393155681525,7.741797461985758,7.761961699213576,7.944710573430995,8.431695779394362,8.854563463191734,8.972421235930673,9.412757331418728,9.447166331525423
0.6587771727514818,0.7097501871580243,0.7161979047716944,0.9343322333884532,1.2118741272238835,1.5236015022922373,1.7015492319069832,1.7145846538721892,2.234170053852231,2.4782377391136903,2.5150463266061105,2.5307387252512665,2.5362252411841975,2.6349993428175424,3.213873007949696,3.541041159945274,3.548185096270972,3.717896687809133,4.615429752819942,4.9191463029726155,6.457808609623957,6.802004580934688,7.3525206025752485,8.176813840155386,8.828363321539197,9.411714159733448,9.484295682512771,9.684635101909072
1.7908839041622482,1.9466729069157014,2.3604683031212828,2.69660947986208,2.9721696365654218,3.046827517220345,3.805844055665695,8.96328732179133,9.07613029400942
0.4156103186358144,0.46460070763990324,0.9813184977906233,1.5710929023981821,2.3880586346805233,2.6808411284725064,2.802630997239146,2.8598214306191694,3.0516087834623153,4.864453750415642,6.35829475402722,7.50093497333546,8.002642238353374,8.126576861799819,8.353478273750843
2.482950095066089,2.808827630332603,3.585025296144645,3.8073554174007214,5.128725349430228,6.891431595272868,7.654970538897411,9.22185825976894
1.335881005081838,2.971011424060655,4.505591226154485,4.858503246991884,5.196072207665013,6.460323316595773,6.840981146731205,6.935040396557908,7.9508479965402685,8.471724056671308,8.890084245683642,8.895102943021682,9.057055007735128,9.276703322880538,9.45068607011432,9.669951336310026,9.76566513657696
1.4701887140720078,1.7455205595073116,1.9448633454661848,2.459784913894301,2.8835224782455535,3.805744297565365,4.05002380255285,4.2511229080048265,4.572836398699713,4.636323076838248,4.638972995545596,4.937909647662077,6.546640682195277,7.673489527679296,7.714503267481017,7.75758488140215,8.066289211659894,8.110184799635004,8.121513171688804,8.303573453466372,8.566922498270928,9.013765392588713,9.09054648366873,9.134534875552967,9.49509828749591,9.556892291790705,9.73800518367303,9.778716966795066,9.861591333514424,9.953537922790114
0.3142552372780032,0.9488237011039364,5.0618281978530995,6.227917120064122,6.5145527517169395,6.70435933004017,6.7158114827462,7.037626950891599,7.081332274581592,8.30957543482741
3.4079445562780717,3.820683059170459,3.8365774948081706,3.9511252765639946,4.054606862594881,4.093236429959881,6.256800488001997,7.287068188597179,7.671011771952018
3.552075357332056,5.220711398153927,5.390047069200751,5.508396352429485,6.1962608968968365,6.250431097442673,6.276866589516861,6.348599766826702,7.03215710868772,7.064165707666521,7.560969837796001,7.945850321734911,8.441696527805764,8.68403619744435,9.773311352109951
1.436813441241548,2.1952038964702982,2.2458421818371312,2.413154370612213,2.437770947779013,4.614728834978184,4.6459513689085385,5.6357246388652475,6.270930242348388,6.867619376423381,6.898213533730391,7.095485188710241,7.123726333917487,7.179476792042754,7.183930061835019,7.3904254387740265,7.439062430573612,7.477587884956746,7.589304631882609
1.190116723152891,1.206092443941203,1.5396242885648108,1.5578477136538667,1.9502607605883664,2.432259936658585,2.805214889965007,2.9668572758523597,3.338511864462008,3.3554924518557585,3.392185709327212,3.4037273251543967,3.511735328576986,4.200408080366435,4.698172445742767,6.176343657913789,6.654819867031784,6.690327403511604,7.632905495246317,8.226128894032884,8.847449729949018,8.979872740742472
0.7401335017844399,1.6715769500136433,1.7234241719773717,2.306042206175417,2.6176418073244108,2.646319746982433,4.330320574321515,4.4236287554142235,4.647654679296629,4.727850564742374,5.366064071943099,5.519689071780249,6.240223763813137,6.274149701660249,6.942916827769196,7.468119793459176,8.38744687172268
1.0480120845929841,1.1420943753599442,1.8601529250148068,2.8219484397099444,3.337475930144419,3.8319837894537105,3.864950083511382,6.596824193496619,7.018674432705494,7.336637968200944,7.418231577837704,8.001996095898509,8.81528951474948,9.108178111267746,9.273968459738093
1.3583218480132353,2.014361257220343,2.6765910037475495,2.8013167282115954,2.994681446015618,3.5567290821518087,3.813848385061384,4.123895974806428,5.753790406868801,8.658363997952916,9.067368185875804,9.528637767838337,9.782994499655217
0.5048338750420641,1.383896369748368,2.319266901915742,2.3940209507164183,3.508702176224713,4.844274920107753,5.040111743977174,5.14971312204405,6.221402289499192,6.4171662200525015,6.766590240232081,6.8013285918232045,7.310844940308862,7.670545633731326,8.07982276613844,8.293269267482412,8.365245249822976
0.27948857935780924,0.45673764790926735,1.0483424705273594,3.2401642561774677,4.570479122422603,4.926836764822541,6.08685507861314,6.157226158573431,6.178952899272836,6.576017615197588,6.885393311920346,6.922504852741929,7.133400245867833,7.190618421290619,8.009549644608384,8.383531827081418,8.411224047567393,8.44689870169179,8.596465483803614,8.943530457878369,9.405145584705247,9.796610606051502,9.898068797219084
0.3287864061444873,0.38463604068663776,0.41095932118287587,0.4117085748973702,1.0262489169324547,1.0977956209309299,1.1139698268372036,1.6255047892232624,1.6467886896766486,2.0723379708376486,3.216961399572865,3.6637259278338243,4.45216304386893,4.663239372863452,4.67552666973965,4.727363858618409
2.0629364649644857,5.160713712558268,6.174718674946635,6.22400504096975,6.234702100244783,6.59896677583704,6.651240896042878,6.817267595258138,8.255548110216923,8.388237293662966,8.436017982651965,8.766322227511946
1.0554545761001255,1.1830713199373886,1.2492529551636165,1.2634423518246347,1.933948062500738,2.419157957116466,2.997601535840387,3.1570001958582923,3.269200214199086,7.186288565542603,7.762349886230501,7.825414994167538,8.620806356474429,8.766604738677632,9.287151387362208
0.20070558206419814,0.2698278439661802,0.7845336229420503,0.8025281104187005,1.199028411866893,1.8915458684412925,2.3997718555413923,2.4082152156577483,2.8776566369330343,5.927857497297272,5.9571856162516115,6.234913160854637,6.961141834635022,7.1713842635838025,7.657010848084182,8.442371206138006,9.210752644224973
1.0810038764759233,1.1891929011158195,1.6814475474441053,2.8744599466396,3.027043806692172,4.380813124415218,6.300950950079066,7.007803169253096,7.950544262785712,9.394482060636776,9.580104556778302
